385

386

386

386

385

390

386

387

387

391

387

388

386

386

385

384

388

390

391

389

386

386

385

385

385

389

385

387

386

385

387

388

386

387

384

385

387

386

386

389

395

394

392

392

392

394

394

393

391

394

396

397

396

394

397

397

395

396

393

393

399

396

393

390

398

405

463

455

424

406

403

408

404

405

404

405

405

407

403

408

404

405

404

402

401

401

402

403

407

402

405

400

405

409

404

405

406

400

405

404

405

409

410

410

406

411

407

404

405

402

403

406

405

407

408

400

408

395

395

394

390

395

397

394

395

397

396

396

391

401

395

388

392

395

392

391

390

389

392

389

390

392

391

393

394

392

391

391

394

397

397

385

393

392

392

391

394

396

390

393

392

392

382

389

392

390

392

393

394

389

391

390

390

393

387

392

392

388

388

388

386

388

388

388

389

389

392

389

388

388

391

391

387

390

392

387

386

387

388

387

391

387

385

391

386

388

386

388

389

388

392

391

392

395

388

387

390

391

394

391

388

387

388

387

