4644 -2952 15384 -573 37 161

-1004 2276 15816 193 837 1136

2584 180 16396 3104 -1440 1658

800 -944 15960 41 -379 -550

544 -1672 15896 -502 -151 64

2756 564 15436 278 1563 -912

1936 92 16280 -1536 -471 -842

1152 -880 15800 -606 -163 199

1052 -1080 15948 -524 -105 139

-1104 1900 15504 35 -538 609

-1732 -1828 15948 -1612 635 936

-1708 -3912 15420 -493 -43 24

-1664 -3956 15236 -441 -47 13

-1700 -4136 15676 -405 -58 15

-1536 -4080 15420 -476 -58 35

-1756 -4044 15364 -443 -73 12

-1672 -4208 15336 -474 -38 18

-1648 -4224 15488 -457 -77 32

-1552 -4052 15492 -454 -88 30

-1628 -4248 15412 -422 -42 23

-1572 -4272 15388 -448 -53 29

-1616 -4104 15456 -486 -33 39

-1560 -4216 15452 -373 -50 30

-1576 -4224 15480 -441 -38 26

-1564 -4184 15344 -423 -45 21

-1492 -4312 15232 -450 -36 36

-1564 -4188 15304 -415 -81 9

-1592 -4272 15276 -432 -30 46

-1568 -4312 15480 -464 -44 37

-1584 -4324 15332 -410 -45 20

-1620 -4276 15376 -449 -59 38

-1580 -4296 15300 -442 -36 20

-1528 -4260 15372 -485 -21 34

-1592 -4220 15248 -432 -63 20

-1544 -4308 15428 -422 -63 49

-1668 -4320 15328 -478 -70 29

-1572 -4304 15432 -444 -49 19

-1552 -4228 15496 -478 -39 35

-1584 -4536 15328 -286 -43 43

-1576 -4304 15324 -458 -61 9

-1536 -4364 15308 -437 -58 -2

-1460 -4352 15260 -462 -86 32

-1568 -4340 15416 -477 -40 39

-1612 -4256 15416 -436 -48 23

-1636 -4308 15380 -392 -60 13

-1536 -4416 15316 -442 -66 35

-1528 -4332 15464 -414 -71 43

-1612 -4348 15320 -372 -53 23

-1532 -4268 15452 -463 -46 16

-1504 -4184 15320 -410 -81 23

-1608 -4352 15288 -438 -63 25

-1652 -4340 15380 -419 -51 16

-1472 -4248 15340 -478 -52 52

-1456 -4348 15328 -406 -50 36

-1584 -4280 15312 -501 -34 14

-1520 -4188 15428 -443 -53 34

-1532 -4328 15396 -445 -52 10

-1536 -4268 15412 -480 -57 21

-1708 -4280 15484 -466 -86 23

-1508 -4256 15376 -490 -37 20

-1528 -4372 15328 -456 -49 34

-1592 -4268 15480 -423 -6 26

-1556 -4296 15324 -412 -67 5

-1604 -4372 15328 -481 -57 20

-1412 -3512 14316 -636 105 -1761

-1204 -4556 15268 -389 -61 34

-1348 -4836 15256 -454 -32 11

-1180 -4128 15432 -416 -191 38

-1068 -4232 15444 -482 -39 23

-1048 -4400 15412 -415 -23 26

-936 -4292 15440 -455 -46 50

-960 -4536 15408 -456 -30 33

-1052 -4408 15528 -453 -63 36

-1120 -4496 15316 -399 -42 28

-996 -4368 15288 -465 -31 23

-964 -4332 15448 -438 -46 43

-1040 -4340 15424 -441 -47 47

-1032 -4380 15404 -411 -49 22

-1072 -4416 15408 -429 -45 21

-1024 -4444 15236 -430 -52 15

-956 -4372 15408 -433 -40 40

-996 -4432 15260 -468 -65 18

-964 -4388 15328 -430 -51 14

-1052 -4384 15408 -456 -62 23

-896 -4340 15356 -417 -70 7

-972 -4372 15448 -475 -69 19

-1088 -4360 15396 -447 -48 55

-1020 -4360 15372 -419 -67 23

-1016 -4372 15464 -387 -76 21

-932 -4432 15400 -462 -55 35

-988 -4452 15332 -478 -42 24

-1024 -4372 15292 -403 -37 28

-1064 -4488 15644 -362 -47 51

-980 -4432 15376 -417 -68 3

-996 -4520 15544 -453 -36 22

-988 -4420 15360 -399 -26 15

-1240 -2040 15916 -1206 97 -37

-1360 -1732 15928 -499 -88 18

-1236 -3708 15444 -390 -57 42

-1324 -3840 15344 -424 -35 33

-1424 -3752 15576 -468 -72 7

-1212 -3928 15592 -302 -39 45

-1212 -3944 15492 -422 -64 2

-1572 -292 15876 -348 -102 -164

-1624 -112 15888 -404 -105 47

-2112 300 15696 -2590 -532 -292

-1292 -316 15880 -636 -166 -29

-3928 5576 13196 -7403 -2695 -875

-1428 -340 15844 -420 -54 52

-1580 -360 16008 -458 -61 22

-1484 -264 15780 -447 -50 7

-1580 -304 16000 -429 -96 47

-1456 -328 16020 -437 -49 18

-1568 -368 16016 -446 -41 23

-1444 -328 16004 -422 -67 44

-1584 -228 15988 -432 -83 36

-1544 -264 15792 -450 -76 29

-1588 -340 15852 -458 -47 22

-1484 -260 15748 -436 -60 17

-1444 -244 15860 -443 -54 -1

-1488 -280 15952 -448 -39 12

-1604 -280 15704 -439 -29 15

-1484 -272 15992 -428 -41 44

-1468 -288 16024 -416 -55 17

-1512 -204 15936 -419 -44 28

-1484 -380 15900 -440 -35 43

-1496 -300 15920 -429 -56 31

-1368 -336 15948 -467 -43 15

-1504 -256 15928 -440 -58 32

-1544 -280 15856 -415 -31 33

-1492 -252 15940 -425 -81 20

-1456 -276 16064 -425 -50 19

-1484 -252 15904 -415 -49 23

-1584 -316 15948 -409 -69 27

-1440 -244 16028 -433 -26 19

-1584 -236 15964 -421 -52 17

-1504 -288 15984 -438 -60 48

-1504 -296 16024 -442 -16 22

-1484 -296 15892 -419 -50 42

-1432 -340 15828 -430 -47 35

-1460 -272 15912 -429 -36 29

-1608 -292 15868 -423 -48 12

-1500 -332 15932 -459 -84 32

-1508 -316 15872 -443 -45 15

-1492 -348 15780 -421 -42 23

-1388 -260 15832 -447 -69 38

-1488 -192 15924 -454 -41 13

-1528 -264 15968 -460 -41 6

-1480 -196 15864 -442 -56 52

-1556 -220 15844 -424 -67 10

-1432 -252 15920 -446 -75 39

-1572 -240 15844 -440 -64 10

-1584 -264 15916 -431 -57 1

-1472 -292 15888 -446 -67 38

-1408 -248 15888 -441 -67 14

-1420 -232 16052 -428 -47 56

-1792 -128 15888 -440 -75 28

-1472 -200 15716 -656 -202 55

-1528 -128 15900 -447 -59 34

-1520 -244 15852 -450 -16 26

-1500 -260 15936 -424 -57 15

-1472 -184 15904 -430 -51 31

-5120 6284 14792 -3933 -8638 -6970

800 420 15816 225 31 -291

588 1532 16500 -1291 1707 1102

1452 860 15584 3367 253 1103

-4452 -2120 32767 5916 303 453

-1284 108 17028 -211 -40 46

-1356 8 15764 -496 -18 40

-1196 96 15952 -448 -46 -3

-1240 84 16568 -430 -181 43

-1236 68 15824 -455 -26 27

-1188 60 15892 -473 -53 27

-1320 92 15928 -435 -69 28

-1204 76 15904 -450 -39 51

-1280 68 16016 -446 -61 29

-1184 156 15824 -432 -51 27

-1240 116 15980 -385 -50 8

-1232 32 16048 -482 -70 35

-1276 28 15968 -401 -53 16

-1292 100 15912 -447 -40 18

-1216 96 15984 -455 -80 51

-1212 100 16052 -454 -69 20

-1184 108 15992 -428 -78 32

-1188 172 16028 -426 -69 34

-1096 176 15880 -438 -57 18

-1196 208 15912 -428 -37 10

-1340 92 15912 -429 -34 25

-1176 220 15904 -467 -41 25

-1132 -96 15992 -402 -78 39

-1348 100 15928 -485 -53 22

-1328 100 15992 -427 -5 28

-1284 32 15968 -458 -28 24

-1200 64 15892 -400 -55 4

-1252 44 15908 -457 -64 19

-1184 44 15840 -465 -26 22

-1264 92 16000 -399 -41 15

-1220 112 15964 -448 -67 39

-1188 104 15876 -422 -69 10

-1172 160 15940 -430 -41 24

-1284 72 15956 -473 -76 39

-1156 184 15884 -459 -31 33

-1292 112 15992 -414 -65 39

-1352 120 15836 -441 -74 27

-1260 44 15996 -441 -49 20

-1184 108 15888 -403 -30 27

-1204 76 16036 -415 -26 8

-1184 156 15952 -462 -64 30

-1180 32 16036 -465 -67 37

-1160 156 15944 -411 -49 26

-1268 92 15928 -453 -43 37

-1208 128 15984 -483 -61 46

-1228 180 16108 -419 -27 30

-1264 56 15908 -436 -30 26

-1160 24 15960 -431 -38 21

-1308 28 16016 -391 -51 11

-1156 60 15860 -458 -58 18

-1228 120 16000 -426 -50 42

-1256 124 15956 -371 -90 47

-1204 148 15756 -476 -29 40

-1236 92 15908 -406 -46 38

-1204 92 15892 -544 22 7

-1216 104 15884 -438 -52 12

-1168 52 16140 -432 -47 17

-1204 148 15864 -416 -50 10

-1272 184 15976 -417 -49 33

-1108 76 15900 -406 -64 7

-1228 120 15904 -486 -56 22

-1140 108 16012 -389 -73 19

-1252 176 15852 -432 -46 22

-1248 84 15900 -441 -20 21

-1264 144 16000 -465 -40 13

-1156 96 15972 -441 -72 21

-1240 104 15932 -471 -64 19

-1260 236 15880 -446 -52 53

-1116 100 15820 -408 -67 25

-1212 24 16124 -403 -52 12

-1296 -20 15960 -402 -40 27

-1164 -92 15960 -438 -46 15

-1248 132 15816 -441 -72 17

-1184 36 15972 -409 -66 25

-1176 88 15964 -451 -67 8

-1172 92 15956 -456 -41 34

-1184 148 15972 -427 -33 12

-1312 224 15872 -470 -25 11

-1208 104 15876 -419 -56 37

-1192 20 15976 -436 -98 33

-1224 32 15776 -448 -41 31

-1268 84 15808 -474 -28 50

-1380 32 16080 -425 -43 32

-1260 104 16104 -417 -67 23

-1148 92 15992 -424 -78 30

-1168 32 15892 -481 -39 6

-1272 -72 16012 -440 -44 31

-1320 104 15964 -447 -51 40

-1260 80 16004 -380 -40 21

-1132 -20 15920 -426 -31 7

-1312 208 15844 -422 -18 30

-1248 120 16040 -415 -46 32

-1296 112 15904 -460 -86 56

-1132 112 15820 -376 -42 10

-1200 60 15880 -477 -50 30

-1276 148 15688 -423 -55 29

-1220 112 15860 -454 -22 21

-1184 140 15896 -449 -55 43

-1256 0 15972 -443 -46 17

-1320 0 15876 -425 -50 31

-1316 84 16092 -404 -36 43

-1260 76 15992 -431 -42 37

-1232 68 15996 -446 -22 14

-1256 40 15880 -436 -28 24

-1136 160 15804 -426 -43 10

-1296 92 15872 -492 -69 33

-1188 56 15936 -424 -61 35

-1032 72 15748 -464 5 14

-1188 116 15976 -425 -28 14

-1324 0 15952 -466 -48 34

-1256 80 16052 -436 -38 18

-1244 12 16092 -469 -51 44

-1248 56 16088 -454 -62 25

-1284 44 16016 -426 -51 44

-1228 64 15676 -474 -54 25

-1148 12 15860 -443 -61 43

-1276 64 15888 -442 -49 16

-1252 136 15936 -378 -45 12

-1228 96 15964 -453 -56 25

-1260 0 15680 -339 -31 25

-1252 16 15956 -466 -34 16

-1240 140 15900 -407 -26 24

-1320 4 16060 -418 -58 34

-1276 52 15720 -410 -44 18

-1320 144 15756 -452 -51 14

-1204 84 15896 -431 -29 48

-1168 64 15996 -461 -55 21

-1120 32 15876 -439 -64 6

-1396 60 16020 -429 -71 34

-1148 56 15872 -445 -21 28

-1236 64 16092 -416 -52 30

-1276 68 16016 -449 -82 33

-1380 -40 16372 -465 -4 11

-1244 112 15968 -482 -76 42

-1204 8 15888 -437 -52 39

-1280 96 15748 -445 -28 8

-1328 64 15972 -449 -77 38

-1184 24 15824 -445 -36 31

-1124 80 15808 -437 -32 22

-1160 44 15968 -408 -64 26

-1256 132 15972 -435 -59 66

-1196 132 16000 -407 -25 46

-1152 44 15812 -475 -35 24

-1128 80 15724 -398 -31 29

-1244 40 16112 -450 -54 18

-1348 28 15872 -431 -22 29

-1188 0 15956 -421 -30 7

-1192 116 16112 -445 -71 36

-1244 76 15808 -457 -42 5

-1248 52 15896 -409 -37 19

-1200 16 15896 -475 -45 26

-1112 164 15876 -432 -32 30

-1160 92 16116 -447 -56 47

-1340 44 15888 -420 -25 10

-1196 112 15992 -467 -60 27

-1224 108 15972 -431 -71 36

-1172 92 15916 -445 -46 31

-1232 44 15884 -429 -69 21

-1288 120 16044 -426 -33 39

-1244 64 15996 -409 -42 17

-1208 -36 15964 -396 -64 32

-1328 36 16004 -452 -50 15

-1152 96 15984 -410 -77 47

-1140 164 15824 -421 -26 21

-1260 40 15940 -415 -9 24

-1240 84 16072 -468 -29 31

-1320 28 16104 -438 -69 19

-1248 32 15816 -468 -38 23

-1248 100 16012 -439 -59 12

-1272 48 16012 -398 -68 32

-1260 104 15664 -443 -37 13

-1184 120 15928 -392 -63 24

-1208 68 15872 -397 -61 11

-1284 4 15832 -444 -53 31

-1268 56 15864 -436 -65 27

-1264 88 15912 -418 -28 14

-1208 8 16040 -419 -16 2

-1248 -100 15944 -454 -53 23

-1296 132 15752 -470 -38 31

-1156 160 15928 -436 -38 30

-1172 112 15916 -434 -51 8

-1260 132 15868 -439 -23 0

-1216 108 15784 -448 -45 45

-1252 200 15912 -409 -24 22

-1120 48 15896 -476 -88 10

-1244 144 15936 -434 -58 49

-1268 124 15864 -453 -65 27

-1244 120 15912 -421 -42 27

-1228 88 15960 -460 -49 26

-1232 128 15964 -401 -31 27

-1344 100 15856 -448 -42 23

-1276 64 15868 -466 -50 42

-1228 72 15948 -373 -43 34

-1280 -24 16000 -460 -44 38

-1256 24 15988 -439 -90 25

-1304 88 15940 -457 -69 43

-1276 8 15920 -440 -64 25

-1348 112 16180 -434 -54 42

-1196 116 15888 -459 -35 6

-1264 60 16036 -453 -46 17

-1300 88 15840 -460 -84 12

-1224 0 16132 -428 -86 16

-1256 -48 15936 -433 -57 24

-1176 84 16092 -422 -50 3

-1252 44 15932 -465 -40 45

-1164 60 15956 -451 -46 25

-1148 104 15920 -450 -68 43

-1176 68 15988 -411 -53 14

-1232 -32 16016 -457 -68 9

-1148 68 15852 -482 -45 29

-1312 76 15976 -415 -64 12

-1180 -8 15984 -444 -56 12

-1220 24 15988 -431 -66 9

-1096 48 16016 -398 -62 45

-1196 16 16108 -449 -30 25

-1196 12 15876 -443 -73 37

-1252 36 16072 -422 -51 38

-1196 -16 16004 -437 -91 27

-1224 52 16032 -371 -56 50

-1228 64 16056 -424 -26 32

-1216 100 15760 -461 -59 18

-1280 52 16036 -417 -50 31

-1344 0 15920 -448 -22 10

-1228 44 15964 -403 -71 7

-1264 60 15976 -462 -34 20

-1304 80 15916 -398 -64 34

-1328 56 15836 -439 -34 2

-1244 68 15900 -433 -31 40

-1212 48 15920 -421 -76 31

-1328 32 16028 -456 -57 41

-1196 100 16008 -500 -37 34

-1292 68 15916 -426 -37 29

-1164 84 16036 -434 -71 10

-1200 52 15900 -425 -41 10

-1164 60 16020 -444 -71 36

-1152 72 15852 -405 -66 9

-1200 140 15888 -477 -49 43

-1216 -4 15920 -468 -77 46

-1152 84 16084 -405 -35 20

-1256 8 15976 -435 -43 50

-1244 8 15876 -404 -80 25

-1248 -32 15904 -459 -11 24

-1340 -20 15908 -464 -67 30

-1368 16 15904 -432 -43 15

-1272 4 15868 -441 -48 40

-1116 132 15920 -465 -51 49

-1224 92 15988 -410 -83 36

-1216 -24 15836 -442 -44 15

-1208 40 16036 -420 -59 28

-1248 0 15892 -408 -19 28

-1188 56 15848 -417 -73 5

-1240 68 15940 -420 -47 20

-1204 76 15896 -423 -34 15

-1308 112 15980 -456 -53 34

-1240 32 16032 -423 -65 33

-1232 -36 15816 -471 -48 24

-1236 60 15984 -464 -70 31

-1216 -4 15856 -448 -62 24

-1248 32 15792 -439 -29 18

-1132 32 15956 -434 -66 3

-1240 56 15872 -443 -44 34

-1276 48 15956 -461 -38 45

-1324 -44 16120 -423 -82 34

-1264 -12 15904 -439 -59 5

-1268 0 15912 -443 -79 29

-1320 112 16052 -427 -66 19

-1180 52 15920 -440 -40 44

-1224 52 15964 -454 -21 17

-1188 96 15900 -462 -54 28

-1212 120 15860 -445 -60 5

-1328 96 15844 -427 -35 11

-1188 8 15772 -423 -79 6

-1244 88 15980 -439 -87 42

-1316 -36 16104 -447 -50 24

-1280 20 15756 -431 -57 27

-1152 104 15992 -451 -50 12

-1180 104 15996 -434 -85 34

-1212 32 15992 -464 -53 28

-1340 0 15836 -407 -35 6

-1232 48 15928 -413 -87 20

-1344 -20 15848 -449 -77 14

-1272 72 15932 -413 -29 33

-1192 120 15856 -408 -61 30

-1256 56 15888 -421 -33 45

-1224 0 16148 -370 -57 14

-1248 92 15904 -473 -54 13

-1200 96 15860 -460 -59 28

-1168 -4 15988 -446 -69 40

-1168 132 15872 -421 -46 28

-1200 112 15976 -432 -76 23

-1268 20 15984 -403 -53 33

-1256 84 15864 -490 -24 21

-1276 -32 15944 -464 -64 26

-1220 64 16056 -456 -61 28

-1240 48 15892 -395 -58 14

-1224 72 16048 -465 -99 7

-1232 48 15880 -493 -73 44

-1208 68 15928 -449 -59 36

-1228 4 16108 -440 -49 30

-1264 -44 15936 -472 -29 22

-1268 40 15964 -455 -71 43

-1164 -32 15928 -442 -35 30

-1360 -20 16052 -462 -58 23

-1192 40 15980 -426 -66 9

-1260 -44 15884 -451 -55 2

-1248 52 15960 -465 -26 26

-1276 -28 16048 -436 -42 43

-1260 104 15844 -465 -2 16

-1212 104 15772 -462 -52 36

-1224 56 15876 -409 -29 19

-1276 -28 15844 -453 -84 35

-1256 56 15860 -459 -42 25

-1220 -76 15884 -432 -33 31

-1316 104 15916 -420 -71 29

-1204 0 15928 -427 -30 31

-1248 36 15928 -443 -47 26

-1192 -8 15868 -431 -76 28

-1276 -12 15980 -410 -66 32

-1276 36 15832 -421 -78 35

-1320 16 15972 -419 -70 40

-1260 28 15992 -412 -68 34

-1196 16 15832 -448 -45 12

-1268 40 16008 -428 -53 21

-1096 176 15828 -427 -54 28

-1196 48 15904 -435 -48 19

-1140 184 16028 -422 -67 8

-1212 96 15804 -452 -64 14

-1260 40 16148 -424 -80 29

-1216 -128 15976 -458 -44 31

-1168 8 15824 -487 -83 16

-1268 -36 15956 -407 -57 28

-1228 108 15896 -432 -45 17

-1300 60 15960 -406 -74 9

-1284 40 15940 -442 -54 32

-1140 24 15964 -434 -76 20

-1204 104 15992 -456 -53 36

-1136 -52 15984 -446 -52 11

-1152 72 15948 -420 -65 39

-1188 156 15852 -397 -55 21

-1144 196 15816 -433 -50 8

-1232 28 15916 -449 -72 24

-1208 60 15928 -459 -74 35

-1192 68 15836 -420 -64 44

-1296 32 15868 -438 -27 23

-1140 56 15772 -441 -38 15

-1184 -40 15892 -422 -78 27

-1240 76 15992 -388 -44 31

-1144 64 16012 -430 -48 38

-1308 60 15868 -448 -65 44

-1240 116 15776 -432 -31 10

-1264 40 15992 -437 -33 28

-1184 -40 15900 -455 -33 47

-1288 24 15900 -425 -30 15

-1220 -44 16016 -426 -55 19

-1340 104 15864 -501 -70 28

-1240 4 15832 -467 -50 34

-1300 92 16016 -472 -50 37

-1260 24 16048 -384 -59 25

-1204 20 15756 -408 -34 18

-1308 -24 15884 -436 -32 46

-1120 -8 15572 -500 -65 32

-1260 112 16016 -438 -109 7

-1196 88 15968 -489 -65 29

-1200 -4 15992 -421 -64 30

-1264 72 15876 -453 -92 25

-1264 -20 15968 -474 -56 13

-1284 0 15892 -413 -83 41

-1308 20 16008 -462 -36 26

-1296 88 15760 -466 -26 28

-1304 24 15892 -481 -41 30

-1232 52 15832 -459 -51 13

-1128 128 16136 -442 -85 45

-1240 -52 15920 -427 -76 26

-1144 16 16008 -353 -37 47

-1248 60 15932 -492 -43 30

-1156 52 16000 -395 -65 9

-1136 88 15940 -375 -77 41

-1192 16 15884 -435 -54 18

-1064 104 15868 -387 -65 23

-1288 32 15856 -462 -56 23

-1248 92 15996 -431 -50 18

-1204 96 15844 -462 -67 39

-1316 92 15764 -410 -58 12

-1232 48 15844 -437 -34 14

-1232 156 15872 -412 -63 29

-1276 -48 16012 -481 -52 30

-1268 168 15932 -411 -71 34

-1272 124 15908 -434 -23 22

-1312 28 15940 -450 -78 39

-1272 32 15780 -376 -61 25

-1212 52 15868 -456 -53 31

-1224 32 15904 -419 -29 41

-1260 60 15904 -413 -32 18

-1216 40 15788 -436 -55 28

-1320 20 15976 -488 -45 41

-1224 40 16048 -431 -53 32

-1288 136 15888 -485 -52 17

-1204 108 15880 -414 -44 28

-1256 72 15936 -428 -43 28

-1188 -40 15896 -384 -42 37

-1264 -28 15840 -456 -67 39

-1168 16 15848 -471 -84 13

-1364 68 15868 -478 -44 37

-1252 -16 15800 -416 -71 32

-1152 4 15900 -429 -31 44

-1136 40 15888 -411 -65 24

-1276 92 15644 -312 -83 37

-1248 80 15968 -435 -51 41

-1252 84 16036 -458 -49 18

-1276 160 15908 -409 -56 4

-1228 156 15896 -507 -51 25

-1256 52 15864 -424 -34 19

-1320 48 15900 -427 -59 17

-1100 64 15776 -448 -65 25

-1208 92 15956 -441 -69 46

-1304 60 15948 -462 -36 46

-1196 200 16016 -419 -54 27

-1212 192 15940 -455 -33 51

-1236 84 15796 -457 -18 24

-1192 60 15932 -445 -58 24

-1220 40 15860 -458 -11 5

-1264 36 15868 -441 -46 51

-1180 40 15936 -446 -58 13

-1208 -28 15992 -407 -48 13

-1152 120 15816 -439 -63 19

-1176 84 16088 -443 -36 21

-1360 56 16036 -430 -35 14

-1164 136 15752 -460 -7 21

-1164 16 16000 -425 -33 31

-1256 132 15852 -399 -30 19

-1140 44 15860 -398 -50 42

-1164 -28 15812 -445 -37 24

-1292 -4 15952 -443 -41 30

-1144 32 15956 -432 -36 16

-1272 116 15716 -477 -26 12

-1264 32 16024 -481 -40 30

-1204 36 15988 -411 -70 15

-1244 28 15856 -441 -61 32

-1220 24 16028 -455 -48 22

-1200 92 15916 -412 -69 37

-1240 128 15828 -436 -33 37

-1308 76 15844 -431 -57 13

-1220 88 15972 -445 -57 26

-1200 24 15804 -438 -36 33

-1168 -16 15808 -427 -57 37

-1280 -8 15996 -413 -43 22

-1176 56 16052 -439 -65 11

-1200 12 15816 -404 -67 26

-1244 12 15700 -431 -44 19

-1252 112 15788 -411 -40 11

-1312 112 15832 -431 -80 47

-1224 136 15924 -403 -34 11

-1216 76 16024 -429 -54 30

-1268 84 15964 -433 -40 23

-1276 112 15888 -428 -49 4

-1196 72 16068 -453 -66 18

-1272 -8 15860 -442 -31 22

-1176 -12 15848 -443 -54 3

-1172 -48 15848 -424 -49 45

-1300 76 16004 -468 -63 45

-1300 40 15916 -412 -35 34

-1320 128 15904 -452 -47 25

-1228 -32 16036 -419 -42 33

-1128 100 15880 -406 -59 20

-1300 96 16000 -457 -35 11

-1308 16 15912 -419 -28 31

-1248 12 16136 -473 -55 13

-1160 56 15876 -438 -65 43

-1256 56 15860 -440 -36 35

-1164 0 15744 -433 -57 46

-1180 164 16000 -427 -6 22

-1240 36 15856 -405 -55 38

-1296 92 15796 -488 -60 6

-1220 20 15856 -456 -42 35

-1124 64 16024 -450 -39 20

-1260 20 15964 -406 -50 30

-1204 16 15920 -423 -36 32

-1256 68 16132 -472 -42 23

-1312 52 15964 -420 -74 34

-1168 52 15852 -452 -61 24

-1256 108 15892 -441 -69 24

-1160 28 15876 -436 -50 15

-1060 92 15836 -427 -43 32

-1284 88 15920 -437 -65 23

-1152 8 15892 -426 -76 6

-1184 -36 16180 -418 -98 16

-1156 116 15936 -441 -34 11

-1160 80 15876 -465 -28 19

-1264 124 15872 -450 -56 35

-1116 116 15824 -453 -41 18

-1244 -44 15944 -473 -47 13

-1204 40 16024 -402 -92 36

-1176 -12 15836 -433 -42 17

-1180 36 15948 -422 -44 8

-1256 60 15820 -424 -78 19

-1196 40 16084 -418 -77 14

-1144 32 16068 -414 -57 17

-1188 -48 15984 -442 -74 26

-1180 56 15964 -393 -62 48

-1176 12 15952 -409 -58 16

-1136 52 15904 -419 -41 25

-1252 76 15904 -468 -42 35

-1204 128 15952 -441 -65 32

-1228 136 15868 -456 -68 39

-1208 60 15968 -445 -22 12

-1308 200 15996 -412 -59 43

-1192 52 15980 -443 -70 35

-1240 4 15816 -443 -62 34

-1232 52 15964 -463 -68 34

-1168 140 15972 -465 -40 34

-1172 40 15856 -462 -48 46

-1156 80 15872 -431 -48 21

-1208 44 15924 -461 -62 12

-1232 20 16012 -403 -51 23

-1312 16 15980 -452 -23 10

-1220 60 15912 -428 -49 40

-1296 80 16088 -450 -37 24

-1268 156 15968 -402 -46 20

-1400 140 15824 -612 -50 62

-1248 0 15856 -439 -62 28

-1132 116 16072 -446 -55 43

-1088 -72 15996 -494 -78 25

-1204 -44 15816 -554 -55 33

-1344 28 15864 -476 -66 43

-1244 68 15952 -414 -91 39

-1288 -8 15992 -458 -85 31

-1176 28 15960 -443 -62 38

-1176 8 15924 -403 -56 22

-1368 40 15892 -447 -46 13

-1276 8 15884 -443 -42 33

-1280 12 15824 -466 -46 7

-1180 108 16020 -424 -47 41

-1196 -24 16024 -463 -53 36

-1156 16 15928 -433 -35 32

-1144 36 16076 -403 -73 37

-1248 -4 15792 -424 -38 28

-1160 44 15868 -414 -56 -3

-1296 -28 16048 -433 -47 14

-1296 52 16084 -417 -56 29

-1304 76 15732 -487 -7 44

-1240 32 15952 -407 -66 13

-1304 52 15820 -440 -41 35

-1212 76 15860 -410 -31 27

-1236 112 15920 -450 -33 27

-1236 52 15852 -431 -73 28

-1180 108 15892 -445 -53 44

-1108 48 15928 -431 -44 1

-1236 108 15820 -488 -23 30

-1232 24 15792 -459 -71 30

-1108 28 15940 -417 -57 16

-1172 -28 15984 -456 -30 36

-1184 116 15800 -399 -37 14

-1256 16 15736 -429 -59 14

-1104 108 15772 -407 -70 23

-1200 -56 16028 -412 -32 10

-1140 88 16104 -419 -90 32

-1100 96 15860 -476 -38 -2

-1140 52 15752 -402 -81 42

-1168 80 15920 -391 -60 30

-1132 -12 16040 -452 -59 30

-1240 28 15952 -411 -62 21

-1232 68 16012 -447 -28 31

-1284 48 15984 -425 -57 7

-1152 -48 15924 -437 -48 25

-1200 52 15924 -443 -28 39

-1184 64 15836 -416 -62 26

-1200 48 15860 -437 -46 29

-1088 12 15868 -427 -65 20

-1224 24 15864 -472 -36 26

-1160 -48 15912 -440 -53 34

-1208 32 15804 -460 -62 22

-1176 24 15928 -424 -80 14

-1148 64 15928 -451 -44 33

-1136 140 15872 -415 -15 26

-1264 -32 15868 -399 -70 23

-1236 128 15908 -415 -69 32

-1176 -8 16080 -445 -57 41

-1336 32 15824 -461 -26 19

-1152 -4 16056 -407 -85 7

-1244 92 15984 -478 -39 38

-1224 108 15864 -402 -58 43

-1228 100 16084 -445 -62 36

-1160 -20 15852 -424 -77 33

-1336 -28 15844 -406 -48 40

-1132 -60 15916 -445 -70 25

-1324 48 16008 -439 -43 7

-1212 16 15876 -428 -52 23

-1212 68 15868 -443 -80 18

-1184 48 15872 -450 -46 14

-1184 -8 15884 -441 -63 -3

-1256 0 15960 -469 -50 19

-1076 -40 16004 -464 -57 50

-1340 72 15852 -433 -52 44

-1108 -20 15896 -437 -90 40

-1144 108 15912 -419 -71 19

-1268 112 15904 -475 -58 5

-1180 8 15872 -425 -42 3

-1148 24 15944 -438 -63 7

-1132 40 15852 -398 -68 38

-1268 76 15888 -481 -58 32

-1144 0 15864 -399 -59 17

-1232 108 15840 -427 -42 29

-1296 64 15940 -441 -59 25

-1176 24 15992 -430 -69 43

-1240 172 15792 -443 -68 21

-1152 80 16000 -420 -49 30

-1184 40 15852 -454 -70 40

-1264 -32 15836 -446 -61 29

-1340 -8 16104 -429 -52 25

-1140 128 15864 -429 -73 26

-1220 -36 15940 -432 -22 25

-1188 16 16008 -449 -50 38

-1184 40 16004 -443 -56 22

-1188 68 15940 -424 -30 23

-1176 -20 16000 -449 -83 30

-1188 108 15876 -422 -37 33

-1148 132 15872 -438 -71 53

-1184 80 15948 -434 -69 22

-1284 24 15796 -433 -55 33

-1240 40 15956 -460 -52 20

-1156 0 15972 -393 -46 31

-1016 -12 15936 -435 -23 31

-1196 20 15848 -502 -23 14

-1224 -20 15912 -393 -63 34

-1212 72 15892 -423 -29 22

-1128 68 16052 -404 -91 31

-1252 8 15948 -439 -40 29

-1224 84 15844 -420 -22 7

-1160 124 15992 -483 -42 20

-1404 -272 15632 -428 -36 31

-1216 4 15928 -408 -89 -14

-1328 -428 16460 -779 -78 38

-1196 72 15800 -426 -45 15

-1188 -20 15844 -441 -74 28

-1192 12 15912 -435 -74 4

-1620 156 16040 -387 -72 30

-1168 -32 15856 -423 -58 21

-1204 -12 15724 -390 -47 34

-1140 192 16048 -306 -94 20

-1192 72 15756 -416 -39 1

-1192 24 15908 -437 -42 24

-1328 84 15772 -391 -37 28

-1320 -28 15928 -417 -39 36

-436 -664 15616 -678 216 203

-1304 120 15984 -457 -51 22

-1128 -32 16016 -420 -67 45

-1256 -20 15924 -448 -54 27

-1232 16 15816 -455 -45 20

-1348 -16 15932 -415 -58 43

-1244 32 15940 -462 -60 37

-1280 84 16028 -434 -41 49

-1228 40 15912 -431 -57 13

-1220 32 15928 -449 -55 22

-1264 56 15864 -434 -61 24

-1292 -68 15984 -429 -38 42

-1328 68 15952 -420 -78 41

-1172 124 15960 -435 -38 39

-1312 0 15916 -443 -13 11

-1168 120 15980 -444 -63 16

-1276 36 15924 -478 -45 10

-1332 -4 15852 -429 -69 26

-1240 44 15780 -410 -88 37

-1248 32 16056 -444 -67 27

-1308 68 15892 -430 -63 25

-1300 -12 15816 -468 -39 13

-1292 156 15956 -439 -6 30

-1216 60 15928 -459 -45 34

-1320 100 15808 -505 -29 13

-1196 92 15896 -427 -41 34

-1320 128 15908 -428 -43 16

-1188 -12 16032 -393 -92 46

-1276 92 15904 -458 -34 17

-1268 48 16060 -420 -45 30

-1180 32 16096 -481 -55 40

-1200 64 15824 -428 -22 15

-1240 100 15920 -438 -18 46

-1220 -20 15912 -443 -46 26

-1268 52 15856 -408 -76 42

-1188 -28 15876 -284 -45 13

-1160 72 16084 -471 -72 44

-1252 72 15964 -449 -39 11

-1220 0 15836 -499 -62 18

-1356 100 15748 -435 -3 25

-1188 128 15964 -409 -96 27

-1284 -64 16108 -420 -78 38

-1160 -52 15984 -421 -83 31

-1236 124 16072 -435 -50 26

-1256 76 16100 -441 -74 37

-1112 52 16016 -413 -73 33

-1260 -8 15952 -463 -25 49

-1256 -36 15888 -451 -57 42

-1188 36 15736 -390 -52 53

-1168 76 15852 -457 -59 30

-1268 32 15884 -419 -67 42

-1304 -112 16144 -403 -75 33

-1212 0 15800 -469 -38 17

-1316 92 16124 -397 -31 25

-1296 52 15764 -452 -17 29

-1336 28 15992 -418 -77 13

-1304 76 15888 -417 -82 48

-1184 60 15924 -450 -62 36

-1212 120 15964 -383 -29 34

-1188 56 15876 -453 -74 15

-1252 32 15972 -429 -81 44

-1180 16 15900 -422 -38 21

-1232 -8 15796 -426 -29 22

-1152 76 15948 -504 -6 17

-1260 100 15896 -433 -73 41

-1176 32 15936 -414 -62 37

-1268 44 15836 -469 -26 32

-1320 64 15980 -469 -30 44

-1144 176 16064 -426 -71 26

-1224 -80 15844 -437 -40 28

-1152 132 15872 -419 -76 25

-1280 8 15856 -422 -81 -9

-1248 84 15968 -372 -48 28

-1184 92 15836 -421 -54 33

-1156 144 15816 -426 -14 46

-1148 40 15772 -454 -55 20

-1248 12 15856 -448 -63 33

-1220 28 15872 -420 -55 24

-1224 104 15768 -444 -55 17

-1312 -28 15880 -456 -64 36

-1188 132 15988 -355 -92 32

-1284 -4 15900 -452 -53 23

-1260 52 15736 -423 -38 27

-1196 96 15760 -433 -74 40

-1232 156 15876 -463 -45 36

-1184 112 15900 -449 -106 23

-1112 -28 15888 -408 -36 48

-1236 88 15860 -436 -42 27

-1164 12 15876 -437 -54 30

-1252 48 15812 -449 -49 32

-1180 20 15892 -480 -37 24

-1184 12 15964 -414 -36 38

-1384 92 15712 -427 -38 25

-1140 40 15928 -413 -56 10

-1208 100 16008 -445 -49 23

-1148 108 15960 -420 -56 26

-1164 112 15952 -433 -30 14

-1096 168 15852 -463 -83 -2

-1240 12 15696 -398 -79 30

-1240 120 15832 -438 -73 41

-1320 132 16008 -449 -62 14

-1364 92 15820 -455 -40 11

-1268 180 15900 -465 -24 51

-1160 72 15868 -468 -25 16

-1196 52 15880 -429 -41 19

-1240 80 16004 -480 -73 16

-1080 8 15860 -456 71 -10

-1252 -8 15944 -419 -67 22

-1292 -12 15920 -458 -83 19

-1140 -80 15972 -415 -41 31

-1280 8 15928 -467 -34 45

-1344 -244 15744 -463 40 4

-1316 92 15876 -421 -110 37

-1248 12 15940 -455 -43 31

-1168 -92 15948 -408 -72 30

-1400 -140 15940 -440 -41 25

-1280 16 15884 -446 -35 28

-1312 -64 15880 -439 -26 41

-1224 64 15888 -435 -15 15

-1160 -40 15852 -444 -18 26

-1296 124 15908 -425 -72 28

-1304 -124 15980 -450 -19 30

-1396 -12 16056 -403 -51 31

-1240 -124 15928 -423 -89 25

-1212 -64 16064 -412 -113 25

-1288 -116 15932 -431 -46 0

-1320 -96 16012 -384 -65 31

-1236 -72 15732 -434 -48 18

-1156 36 15804 -428 -73 6

-1200 64 15892 -387 -40 38

-1240 -44 15844 -447 -19 25

-1240 -32 15944 -411 -94 28

-1392 -36 15848 -424 -32 6

-1260 -8 15984 -458 -36 30

-1232 -36 15912 -426 -58 20

-1316 44 15828 -414 -98 29

-1212 -56 16072 -347 -33 16

-1268 -44 15924 -421 -81 25

-1224 4 15856 -438 -79 50

-1260 -40 15888 -470 -24 19

-1368 128 15948 -415 -61 48

-1320 36 16120 -415 -82 33

-1284 -16 16084 -463 -34 20

-1228 -40 15776 -403 -56 31

-1164 32 15940 -437 -49 28

-1304 -24 15872 -424 -47 12

-1340 -168 15772 -440 -25 34

-1156 -68 15900 -457 -31 19

-1172 -84 15904 -466 -75 34

-1276 8 15972 -412 -105 35

-1248 -28 15748 -433 -55 -7

-1168 -88 15988 -430 -51 18

-1288 -100 15936 -445 -40 11

-1444 -92 15800 -439 -57 28

-1268 -64 15912 -450 -56 34

-1256 -36 15884 -432 -64 50

-1256 -52 15972 -416 -22 37

-1296 -24 15860 -441 -49 15

-1276 -140 16048 -435 -83 19

-1292 -48 15904 -438 -47 33

-1256 -44 15928 -446 -70 6

-1268 28 15948 -439 -39 29

-1264 4 15872 -452 -43 27

-1296 12 15860 -437 -26 43

-1204 -36 15828 -452 -54 21

-1252 -68 16044 -401 -49 45

-1224 -96 15912 -440 -41 8

-1176 -24 15932 -418 -55 8

-1264 -32 15932 -479 -17 31

-1348 -108 15780 -470 -69 12

-1364 -64 15928 -453 -29 13

-1172 -44 15904 -412 -51 17

-1348 -64 15988 -444 -55 16

-1280 32 15928 -436 -14 27

-1352 4 15888 -433 -57 27

-1296 -72 15908 -462 -61 22

-1268 -60 15940 -427 -77 33

-1268 44 15924 -425 -31 18

-1228 -44 15868 -441 -47 18

-1184 -48 15972 -441 -27 27

-1404 12 15876 -430 -70 46

-1204 -196 15920 -426 -40 8

-1176 -64 15908 -390 -74 26

-1336 -4 15960 -448 -50 26

-1364 -160 15796 -346 -95 35

-1224 -20 16008 -450 -47 29

-1280 -4 15740 -409 -35 26

-1364 -144 15832 -432 -40 26

-1244 -144 15904 -426 -67 33

-1188 -28 15948 -438 -99 14

-1256 -44 15904 -436 -25 32

-1280 -72 15940 -415 -63 30

-1292 16 15904 -465 -51 6

-1300 -28 15920 -410 -63 23

-1364 -36 15896 -449 -23 11

-1212 -36 15900 -432 -60 31

-1252 -4 15904 -407 -81 31

-1296 -132 15752 -435 -57 33

-1296 -44 15928 -439 -55 25

-1264 -40 15916 -458 -56 9

-1256 -100 15844 -439 -58 50

-1316 32 15816 -447 -32 16

-1256 -112 15928 -452 -58 35

-1260 -72 15900 -417 -63 40

-1212 -4 15880 -470 -58 52

-1316 20 15952 -448 -78 26

-1432 -144 15824 -438 -23 29

-1276 64 15920 -417 -56 17

-1280 20 15948 -411 -66 18

-1172 -88 16032 -444 -87 27

-1240 12 15788 -488 -6 10

-1760 -236 15084 -941 301 -25

-1320 -20 15956 -441 -48 30

-1312 -24 15940 -445 -52 40

-1236 32 15984 -429 -47 22

-1292 36 16036 -446 -51 31

-1276 32 15824 -432 -74 26

-1288 92 15832 -417 -73 32

-1240 -36 15864 -438 -70 -1

-1324 -60 15964 -456 -22 30

-1188 132 15876 -326 -135 22

-1364 -84 16128 -279 -163 47

-1212 -144 16040 -361 -118 14

-1200 4 15940 -449 -55 31

-1432 40 15928 -423 -62 40

-1232 68 15888 -446 -27 32

-1384 112 15836 -426 -65 24

-1288 4 15716 -430 -11 28

-1268 -44 15900 -439 -32 19

-1328 84 15948 -459 -35 31

-1296 -4 15912 -457 -80 15

-1224 20 15872 -456 -58 15

-1244 24 15852 -455 -75 37

-1304 56 15956 -428 -84 5

-1256 172 15908 -461 -25 21

-1288 60 15800 -453 -45 35

-1300 -40 15940 -395 -77 39

-1308 -64 16556 -902 197 -62

-1188 16 15868 -429 -58 40

-1228 60 16028 -437 -83 24

-1264 84 15932 -456 -40 25

-1340 104 15708 -397 -54 25

-1256 88 15984 -424 -24 19

-1308 16 15836 -420 -45 35

-1136 -160 16332 -331 -114 31

-1220 -4 16040 -421 -64 35

-1280 72 15864 -461 -47 33

-1280 -28 15856 -464 -56 35

-1400 108 15956 -439 -75 26

-1292 32 16024 -418 -13 36

-1248 -12 15896 -439 -42 23

-1276 40 16052 -427 -61 28

-1276 36 15904 -394 -90 31

-1328 -4 15992 -461 -53 21

-1296 68 15820 -367 -94 29

-1248 104 16072 -450 -29 26

-1272 28 15864 -424 -51 11

-1364 -32 16048 -454 -45 44

-1148 -32 15912 -424 -52 31

-1364 72 15708 -459 -49 35

-1212 -68 15816 -437 -65 39

-1244 -28 15960 -412 -39 3

-1208 16 15812 -429 -69 30

-1276 92 15932 -453 -63 34

-1152 -80 15848 -447 -82 47

-1348 88 15884 -458 -31 33

-1152 20 15772 -390 -79 29

-1300 60 15748 -438 -32 30

-1260 92 15808 -482 -53 49

-1260 164 15888 -445 -88 38

-1256 72 15740 -462 -46 30

-1288 96 15976 -443 -73 26

-1324 140 15948 -440 -23 26

-1292 52 15776 -392 -65 37

-1224 36 15720 -449 -44 20

-1376 8 15792 -476 -7 45

-1248 36 15940 -425 -84 4

-1416 -132 16296 -255 -34 47

-1288 112 15936 -439 -22 15

-1256 12 15924 -415 -67 9

-1448 -96 15772 -379 -69 16

-1280 32 15988 -428 -49 49

-1340 64 15796 -502 -46 8

-1344 -76 15968 -422 -49 0

-1376 60 15972 -430 -10 15

-1276 32 15880 -439 -66 27

-1440 -36 16308 -456 -47 11

-1312 -12 15808 -444 -66 26

-1384 -40 15972 -440 -35 28

-1288 -28 15852 -451 -74 29

-1308 -144 16016 -407 -65 25

-1208 108 15872 -475 -62 27

-1312 48 15820 -444 -51 39

-1304 40 15980 -482 -54 16

-1396 28 15924 -428 -40 28

-1320 52 15868 -446 -14 10

-1412 100 15516 -534 96 -2

-1340 24 15824 -444 -20 14

-1348 96 16060 -437 -47 20

-1308 -4 15868 -455 -34 25

-1332 80 15848 -440 -60 11

-1392 12 15868 -470 -18 39

-1304 124 15952 -421 -41 29

-1376 16 15872 -396 -63 25

-1240 64 15916 -422 -46 51

-1260 -104 15780 -421 -67 23

-1284 -28 15940 -439 -37 5

-1324 92 15840 -456 -79 31

-1276 104 15844 -447 -54 3

-1256 28 15992 -460 -39 15

-1280 40 15856 -438 -47 34

-1264 -4 15912 -405 -102 27

-1376 104 15940 -451 -52 34

-1360 12 15756 -453 -57 19

-1328 100 15996 -435 -66 25

-1312 -24 15916 -424 -64 31

-1296 40 15912 -455 -42 17

-1396 32 16020 -434 -25 35

-1380 36 16032 -439 -44 24

-1368 -40 15900 -449 -66 25

-1304 72 15928 -432 -62 17

-1304 32 15892 -445 -47 35

-1268 72 16008 -444 -76 48

-1320 -48 15904 -448 -53 40

-1312 60 15876 -416 -84 35

-1324 40 15852 -430 -82 31

-1364 68 15876 -439 -70 23

-1352 16 15888 -471 -20 8

-1280 12 15868 -422 -66 30

-1424 8 15908 -457 -46 -1

-1288 -12 15988 -407 -69 31

-1324 -84 16008 -414 -78 40

-1328 -20 15896 -421 -43 12

-1296 -20 15916 -417 -92 10

-1240 -12 16068 -434 -59 24

-1228 48 16020 -416 -61 31

-1320 -20 15900 -442 -60 24

-1356 -4 16044 -439 -36 43

-1340 24 15872 -443 -27 37

-1444 -8 15708 -449 -45 30

-1420 -64 15828 -434 -41 12

-1348 76 15832 -441 -42 21

-1356 4 15860 -420 -78 40

-1476 36 15924 -427 -53 13

-1368 -56 15928 -438 -40 5

-1224 24 15912 -438 -68 22

-1348 -12 15952 -416 -47 32

-1284 4 15856 -423 -54 14

-1360 68 15956 -439 -61 14

-1252 24 16016 -432 -78 37

-1348 4 15868 -430 -73 32

-1340 52 15948 -441 -44 28

-1284 80 15972 -414 -62 -5

-1312 -20 15864 -449 -54 47

-1232 120 15572 -396 -61 18

-1292 40 15920 -442 -39 31

-1356 84 15760 -410 -64 20

-1320 -4 16108 -477 -44 33

-1312 -68 15936 -416 -67 16

-1360 40 15800 -451 -36 -2

-1296 -16 15872 -412 -35 17

-1348 40 15960 -433 -57 22

-1280 40 15836 -435 -71 24

-1472 84 15972 -450 -59 21

-1300 -28 15908 -438 -66 37

-1308 0 15924 -427 -18 54

-1396 28 15740 -460 -43 34

-1248 64 15868 -430 -54 30

-1340 0 16032 -402 -67 21

-1356 -32 15964 -442 -44 14

-1320 80 16084 -432 -77 34

-1380 8 15856 -430 -55 5

-1376 -12 15808 -424 -51 34

-1300 40 15844 -431 -32 26

-1260 -20 15860 -442 -29 21

-1200 32 16028 -399 -67 20

-1368 0 15848 -433 -42 43

-1364 -8 15852 -445 -43 14

-1276 8 15988 -425 -81 32

-1296 -8 15892 -432 -51 34

-1348 24 15812 -436 -76 29

-1284 160 15756 -406 -45 36

-1276 76 15928 -448 -40 41

-1264 -28 15808 -445 -71 27

-1404 188 15992 -449 -70 20

-1312 192 16068 -440 -69 37

-1332 -24 15912 -406 -87 40

-1284 40 15876 -406 -48 33

-1332 8 15804 -442 -41 30

-1372 -44 15980 -435 -65 -7

-1164 -4 15772 -480 47 -5

-1432 92 15788 -447 -53 5

-1252 36 15848 -444 -42 37

-1356 96 15864 -452 -38 -2

-1396 -4 15756 -466 -53 22

-1300 20 15988 -430 -50 21

-1296 40 15804 -457 -57 40

-1348 12 15860 -430 -57 26

-1352 76 15932 -464 -73 27

-1400 76 15656 -438 -55 37

-1336 -32 15856 -439 -46 35

-1316 52 15908 -496 -68 13

-1260 136 15864 -443 -52 56

-1176 12 15912 -438 -48 23

-1320 56 15860 -429 -76 43

-1348 32 16088 -456 -75 28

-1376 -60 15892 -448 -37 47

-1340 104 15976 -431 -41 23

-1304 20 15916 -427 -64 17

-1296 -4 15644 -385 -41 31

-1312 104 15960 -422 -44 30

-1332 -140 15828 -435 -51 25

-1296 32 15820 -436 -39 21

-1388 -88 15908 -422 -63 22

-1304 28 15740 -428 -55 38

-1292 16 15804 -418 -64 24

-1304 -92 15864 -434 -54 31

-1184 160 15996 -455 -22 5

-1304 24 15936 -452 -64 10

-1364 40 16004 -439 -46 27

-1356 -12 15764 -414 -49 25

-1332 -4 15936 -459 -66 13

-1260 -20 16076 -386 -89 13

-1284 152 15932 -449 -62 32

-1308 80 15912 -455 -45 27

-1268 36 15848 -404 -103 59

-1312 24 15876 -422 -104 32

-1360 40 15868 -445 -89 36

-1320 72 15976 -448 -62 -1

-1528 52 15800 -438 -35 1

-1316 -16 15860 -456 -34 27

-1292 -16 15772 -450 -64 41

-1248 104 15844 -455 -27 8

-1320 32 15764 -416 -33 26

-1284 92 15872 -431 -47 29

-1272 0 16048 -418 -116 31

-1252 -8 15944 -476 -17 49

-1296 0 15948 -424 -73 31

-1396 -44 15888 -476 -47 20

-1240 132 16044 -417 -104 25

-1388 -40 15824 -442 -21 21

-1328 -44 15972 -477 -55 33

-1392 -16 15888 -424 -71 28

-1220 -72 16124 -300 -228 35

-1260 24 15956 -409 -63 28

-1288 16 15988 -421 -54 25

-1292 16 15932 -425 -49 35

-1248 16 15916 -403 -85 34

-1236 -8 15744 -444 -12 14

-1316 40 15852 -389 -54 26

-1240 140 15880 -362 -34 20

-1368 8 15872 -425 -50 27

-1320 36 15796 -417 -72 27

-1340 24 15804 -421 -59 18

-1356 -36 15800 -375 -55 48

-1376 60 15932 -404 -44 30

-1268 -36 16004 -428 -79 53

-1396 36 15896 -468 -39 27

-1368 112 15988 -431 -72 13

-1256 52 15944 -419 -65 39

-1268 176 14908 -452 -21 10

-1392 44 15872 -419 -79 61

-1288 -4 15888 -451 -45 45

-1560 -332 15868 -403 -159 36

-1408 -56 15872 -450 -60 36

-1472 -160 15712 -442 -25 6

-1416 -104 16400 -351 -9 37

-1388 -116 15852 -423 -41 14

-1388 -64 15984 -414 -60 43

-1400 -204 15920 -406 -40 22

-1404 -236 15824 -425 -74 33

-1340 -264 15904 -423 -22 24

-1428 -84 16012 -419 -50 23

-1396 -144 15972 -425 -72 22

-1364 -172 15812 -427 -45 29

-1388 -144 15848 -442 -59 31

-1436 -212 15920 -415 -46 7

-1436 -236 15836 -416 -45 34

-1364 -120 15828 -450 -46 26

-1404 -140 15816 -437 -59 33

-1328 -92 15884 -436 -36 25

-1388 -160 15900 -453 -45 41

-1412 -164 15748 -443 -37 19

-1348 -240 15732 -429 -46 29

-1388 -140 15776 -432 -78 36

-1476 -124 15828 -418 -48 20

-1308 -216 15800 -430 -75 38

-1508 -212 15832 -421 -67 23

-1388 -288 15780 -432 -68 43

-1448 -252 16012 -425 -45 10

-1372 -200 15916 -419 -37 33

-1348 -156 15792 -430 -67 9

-1380 -148 15888 -435 -46 24

-1448 -208 15752 -473 -60 32

-1488 -244 15768 -439 -13 23

-1392 -216 15812 -409 -74 15

-1372 -284 15988 -444 -28 24

-1520 -244 15852 -453 -54 26

-1464 -216 15920 -436 -44 31

-1340 -288 15836 -431 -57 41

-1288 -240 15608 -425 -75 26

-1412 -272 15828 -432 -24 26

-1480 -248 15836 -401 -31 26

-1368 -260 15860 -432 -70 27

-1376 -348 15888 -419 -76 40

-1500 -276 16004 -421 -52 26

-1392 -168 15928 -424 -87 21

-1384 -228 15840 -454 -39 12

-1404 -256 15940 -436 -39 21

-1392 -272 16104 -430 -62 41

-1484 -268 15868 -456 -61 38

-1476 -300 15908 -408 -70 9

-1344 -208 15852 -439 -62 21

-1400 -244 15800 -454 -60 51

-1436 -212 15860 -415 -60 48

-1232 -180 15852 -449 -44 32

-1400 -108 15896 -428 -36 28

-1412 -204 15912 -457 -55 8

-1360 -240 15972 -417 -61 24

-1240 -296 15912 -419 -35 24

-1436 -268 15940 -459 -75 29

-1356 -288 15876 -412 -4 27

-1456 -272 15736 -414 -59 13

-1344 -192 15900 -440 -82 44

-1480 -208 15924 -417 -9 35

-1520 -380 15884 -443 -37 30

-1484 -212 15844 -433 -64 17

-1416 -220 15816 -440 -18 31

-1276 -300 15840 -425 -83 36

-1328 -364 15924 -433 -39 41

-1392 -240 15916 -409 -49 12

-1344 -244 15920 -448 -51 21

-1340 -320 15912 -418 -69 22

-1340 -200 15784 -429 -46 26

-1308 -176 16012 -443 -81 18

-1460 -276 15984 -425 -44 17

-1400 -224 15828 -423 -67 40

-1460 -256 15860 -418 -46 38

-1420 -272 15912 -422 -35 29

-1440 -212 15740 -427 -52 6

-1356 -260 15808 -444 -54 45

-1428 -240 15920 -447 -44 20

-1468 -192 15820 -442 -84 23

-1408 -240 15704 -415 -32 23

-1388 -220 15928 -412 -50 55

-1304 -232 15876 -422 -60 28

-1332 -184 15820 -429 -36 39

-1436 -212 15860 -441 -47 46

-1516 -268 15832 -449 -54 38

-1396 -252 15788 -411 -44 -1

-1460 -220 15912 -450 -60 16

-1468 -224 15780 -416 -43 24

-1360 -116 15884 -437 -53 32

-1392 -240 15824 -427 -48 1

-1492 -168 15768 -408 -71 12

-1340 -228 15864 -417 -55 16

-1484 -208 16068 -440 -64 25

-1364 -248 15760 -430 -78 9

-1468 -200 15800 -412 -75 23

-1492 -192 15792 -464 -72 27

-1292 -300 15956 -397 -56 25

-1348 -188 15892 -452 -68 22

-1392 -344 15852 -446 -48 52

-1332 -100 15824 -414 -43 23

-1504 -276 15888 -433 -86 36

-1464 -300 15664 -428 -50 40

-1324 -272 15948 -425 -66 27

-1460 -324 15768 -460 -29 18

-1416 -220 15824 -444 -48 28

-1440 -156 15784 -420 -65 10

-1380 -184 15860 -410 -47 42

-1316 -204 15796 -419 -58 26

-1424 -264 15916 -417 -63 39

-1308 -96 15484 -426 -37 27

-1400 -200 15936 -416 -29 15

-1388 -196 15848 -457 -30 9

-1384 -212 15688 -412 -65 35

-1436 -148 15872 -430 -84 33

-1400 -220 16040 -441 -8 51

-1400 -220 15960 -415 -59 28

-1488 -352 15780 -456 -49 27

-1456 -288 15856 -446 -56 27

-1444 -180 15924 -424 -27 47

-1460 -204 15824 -431 -54 21

-1416 -272 15844 -433 -45 32

-1284 -232 15920 -468 -37 -5

-1316 -236 15972 -414 -47 5

-1416 -256 15912 -407 -54 15

-1332 -244 15880 -389 -95 38

-1312 -232 15780 -466 -42 5

-1484 -188 15936 -409 -77 56

-1392 -264 15828 -429 -81 14

-1400 -208 15928 -418 -36 16

-1680 -168 15860 -407 -43 20

-1372 -172 15864 -371 -84 31

-1360 -300 15920 -452 -49 47

-1484 -248 15768 -441 -59 30

-1548 -216 15860 -417 -67 22

-1460 -228 15996 -427 -66 29

-1340 -140 15852 -428 -58 32

-1492 -132 15936 -417 -44 41

-1344 -168 15984 -425 -44 37

-1352 -280 16104 -431 -87 16

-1464 -300 15944 -436 -62 25

-1452 -296 15860 -441 -77 8

-1364 -308 15948 -421 -62 54

-1368 -120 16228 -413 -96 46

-1456 -104 15808 -440 -81 27

-1520 -28 15832 -452 -6 34

-1356 -308 15908 -451 -30 42

-1560 -8 15896 -456 -5 34

-1348 -252 15856 -436 -54 42

-1492 -44 15728 -425 -38 22

-1412 -176 15856 -433 -61 30

-1348 -292 15780 -419 -56 34

-1452 -240 15864 -411 -36 24

-1512 -96 15868 -439 -50 19

-1516 -280 15712 -391 -68 32

-1444 -64 15800 -465 -49 56

-1584 -100 15572 -500 -27 8

-1416 -244 15936 -427 -103 33

-1456 -172 15828 -421 -49 31

-1424 -60 15908 -445 -67 20

-1512 -232 16096 -415 -54 30

-1544 -132 15852 -422 -70 30

-1352 -244 15844 -443 -80 42

-1492 -112 15796 -441 -58 19

-1432 -128 15904 -421 -67 38

-1372 -168 15940 -438 -52 30

-1484 -108 15820 -441 -89 35

-1380 -268 15924 -422 -54 2

-1408 -168 15852 -420 -76 51

-1504 -128 15800 -443 -84 42

-1372 -204 15692 -388 -77 30

-1384 -144 15752 -437 -64 39

-1332 -192 15720 -441 -37 14

-1376 -172 15868 -432 -50 20

-1396 -112 15816 -425 -70 29

-1548 -228 15872 -432 -46 21

-1516 -176 15772 -434 -55 25

-1364 -152 15836 -426 -71 29

-1288 -240 15928 -429 -84 17

-1448 -228 15660 -434 -42 27

-1492 -80 16060 -430 -45 12

-1364 -188 15856 -442 -69 31

-1340 -148 15812 -426 -49 39

-1532 -216 16000 -454 -34 37

-1356 -156 15712 -450 -32 36

-1348 -264 15920 -425 -29 22

-1432 -128 15804 -439 -80 39

-1456 -168 15800 -449 -64 41

-1356 -172 15928 -438 -39 47

-1504 -244 15796 -444 -41 40

-1384 -128 15852 -457 -66 22

-1428 -96 15768 -455 -44 37

-1452 -276 15896 -403 -59 27

-1464 -192 15860 -448 -56 17

-1376 -200 16016 -441 -11 19

-1392 -244 15832 -430 -68 12

-1400 -208 15852 -427 -57 19

-1376 -148 15912 -421 -29 22

-1388 -204 15888 -446 -66 25

-1500 -152 15864 -438 -46 35

-1340 -116 15800 -427 -65 20

-1360 -236 15924 -438 -23 46

-1420 -216 15944 -416 -51 39

-1392 -156 15564 -424 -43 36

-1472 -172 15812 -435 -34 35

-1444 -196 15824 -397 -41 32

-1460 -148 15756 -465 -61 33

-1440 -168 15852 -445 -57 28

-1428 -252 15888 -457 -98 17

-1368 -148 15892 -431 -27 18

-1412 -208 15924 -427 -47 28

-1424 -260 15784 -484 -73 21

-1424 -184 15812 -415 -50 27

-1504 -232 15912 -425 -68 45

-1308 -236 15884 -420 -28 25

-1404 -96 15928 -447 -40 12

-1408 -228 15876 -418 -59 34

-1396 -240 15748 -464 -59 33

-1380 -200 15812 -434 -80 34

-1436 -228 15924 -437 -67 22

-1380 -80 15852 -425 -56 42

-1392 -192 15916 -418 -58 6

-1392 -208 15808 -414 -74 22

-1412 -280 15924 -436 -99 40

-1352 -228 16012 -439 -63 20

-1320 -236 15868 -432 -59 33

-1452 -144 15812 -423 -73 14

-1540 -92 15916 -454 -31 36

